,class,age,fnlwgt,education-num,capital-gain,capital-loss,hours-per-week,workclass_0,workclass_1,workclass_2,workclass_3,workclass_4,workclass_5,workclass_6,workclass_7,workclass_8,marital-status_0,marital-status_1,marital-status_2,marital-status_3,marital-status_4,marital-status_5,marital-status_6,occupation_0,occupation_1,occupation_2,occupation_3,occupation_4,occupation_5,occupation_6,occupation_7,occupation_8,occupation_9,occupation_10,occupation_11,occupation_12,occupation_13,occupation_14,relationship_0,relationship_1,relationship_2,relationship_3,relationship_4,relationship_5,race_0,race_1,race_2,race_3,race_4,sex_0,sex_1,native-country_0,native-country_1,native-country_2,native-country_3,native-country_4,native-country_5,native-country_6,native-country_7,native-country_8,native-country_9,native-country_10,native-country_11,native-country_12,native-country_13,native-country_14,native-country_15,native-country_16,native-country_17,native-country_18,native-country_19,native-country_20,native-country_21,native-country_22,native-country_23,native-country_24,native-country_25,native-country_26,native-country_27,native-country_28,native-country_29,native-country_30,native-country_31,native-country_32,native-country_33,native-country_34,native-country_35,native-country_36,native-country_37,native-country_38,native-country_39,native-country_40,native-country_41
class,1.0,0.23036946784751897,-0.006338859530113167,0.3326131306661429,0.22301302085824118,0.1475544881993945,0.2276867605608102,-0.0756252532152213,0.013618838149645365,-0.08356732944325718,0.03457640206623037,0.02718988421513285,0.1395962164534322,0.06211221735802713,-0.008025842507212107,-0.007002188143272297,-0.31878175012120646,0.4458525188656861,-0.12833501378451528,-0.07358301767356289,-0.06505023473214273,-0.0393027061089947,0.00897673783850247,0.02095084775886494,-0.01848294055394943,-0.1552544391699541,-0.08392071837513136,-0.0851893156524374,0.02397717036691806,-0.011528916460029168,-0.08647462343871923,0.21093807533663794,0.18879279195859933,-0.06993604802005006,0.024872687521949134,-0.05121269742571478,-0.03752569583272321,0.003863802614007706,-0.22569064156842333,-0.19037211314597324,0.40379123269651135,0.12048366458910556,-0.14364204716224427,-0.08560137056045983,0.08370967320210641,0.012587092743966348,-0.02492028833572718,-0.0904480344591981,-0.028246934322010486,-0.21462803456392981,0.21462803456392998,0.03255124635918779,-0.022259373077384334,0.0054589695195660535,-0.0627090620820016,0.008926098778107239,-0.0043445487262263926,-0.010964149670319188,0.015319591678050934,-0.01882183949422512,0.0008852087980273022,0.004611378626882678,0.003744089864709284,0.010890057280989162,0.01565314072587404,-0.007443331535944866,0.00951225763990612,-0.018811762178451045,-0.015542226891051369,0.006544784141748047,-0.010962054863004115,-0.005227627801022686,0.009195977249843092,0.011052155722558629,0.006448177571032984,-0.02043278186136515,0.001591262342759093,0.013751420815088582,-0.01322550575020202,-0.004219466512225669,-0.02055185314679647,-0.004687351749712467,0.022360984868700914,-0.0077495171766437335,0.011888351835929864,-0.009961465246920992,-0.007541148884403819,-0.009106862569064934,-0.010687527589727786,-0.006607463349332316,0.00552217124501988,0.003537553736597737,-0.002537760395794312
age,0.23036946784751897,1.0,-0.07662807893178819,0.030940375874514082,0.07722902236438144,0.05694382610561179,0.0715583385269823,-0.19126318473496975,0.013028611691462869,0.026930713861483428,0.05793536584028701,0.1429555308711469,0.0989619727150192,0.04986706808769101,-0.019563711617046255,0.01307307904548787,-0.5382498851802376,0.3159259970983603,0.1305631299844341,0.014190572944400109,0.2708486559305155,0.016394337219617083,-0.013450589206787251,-0.019027165728207045,0.03296095728576547,-0.08632133032172817,0.025683409371809022,-0.09194473746107387,-0.03210060841841998,0.010070969396269532,-0.038116458005618005,0.0978241358426056,0.05315491991182798,-0.01699534888060496,0.0026728875344693434,0.03411748008673984,0.024484742464736295,-0.009174966303731004,-0.4329902808861275,-0.009538023617362498,0.31579869895225327,0.023430001777215468,0.041670370008110344,-0.0679445356878722,0.032023340898564595,-0.010259658599270267,-0.03329489396777278,-0.017323644651460957,-0.01401942890032033,-0.08812002181336598,0.08812002181336574,0.011888272447938077,-0.02165901098438682,0.0012562113082379973,-0.051477653807076126,0.005630579164571476,0.012678691772563372,-0.0001246694008110972,0.024113801672617168,0.005474398615858095,0.02993961409258452,-0.0030582740977983577,-0.00031549525383347887,-0.0006866531199226309,0.007016106322539762,-0.0019415232183612964,0.016626054103666806,0.0024827116165539323,-0.012336748140182091,0.011711963787389448,-0.004946461039951602,0.007015584644278388,0.022937971922102732,-0.004071208258225189,-0.00019767636243351276,-0.020305129582853892,-0.00797464906047198,-0.011872290898945871,-0.0054499207467662205,-0.0017664714356025262,-0.002255589653168764,0.012280704454595876,-0.0011346424307417077,-0.0054241574037652675,0.0034033310365364153,0.0002889261144934481,-0.0021638093276680525,0.0010561041773963185,-0.005109409820925615,-0.005305007810360331,0.0029045547132143146,0.016870275319475565,-0.0021926084780273616
fnlwgt,-0.006338859530113167,-0.07662807893178819,1.0,-0.03876068354970947,-0.003706388611082744,-0.004366149679495462,-0.013518714690561375,0.042874674331360586,-0.01505142266946376,-0.005625297702341742,0.001232769930664415,-0.03908239915420357,-0.01916488889775649,-0.009996382566620268,0.003437778546176539,-0.004273842096762032,0.03845584311819244,-0.025023257580507365,-0.01844805284614324,0.022665292283027758,-0.02397121900089057,0.00849348209081719,-0.0014422228364211786,0.0013072880020542736,0.0040206688921518375,-0.0055031860338865205,-0.005404624518366529,0.024691682051273277,0.002763910296438776,0.009293118784587143,0.00747958192085988,-0.01264393286960353,-0.015155212213497391,0.008626035080761974,0.016103789856389453,-0.028563122541960195,0.003219973953931433,0.0045324902386864995,0.01671556652657554,0.003838541955626549,-0.01925007351980906,-0.01889973926191353,0.005531755979513998,0.023410924514624898,-0.06368581673992346,-0.05067118491628211,0.005246502007948236,0.12591049969118323,-0.06492211808392684,-0.027738997580824966,0.027738997580824678,-0.07064455679085212,0.03259622502610853,0.0049702293330442186,0.1265885711929458,-0.019288007766481825,-0.0023278485666459246,0.010418142166598343,-0.004865665311204212,0.008707609913533042,0.02567640980665752,0.0024112714030041383,-0.011360169485256087,0.0013765001485987098,-0.0029450043412239998,-0.010341917631978495,-0.011759155424647727,0.01114557587499348,-0.007478687836583467,-0.008000537122552618,0.023834737732855604,-0.013576890417345723,-0.0046525838334880954,0.002114045615527335,0.0020542802195762508,0.026830444492224378,0.005457657148258101,-0.0017328028456650322,0.028494836450873477,-0.0015115006307171678,0.006100826810931106,-0.006522816619245069,-0.012686715854543423,0.003113650188176827,-0.0008351180828663661,-0.0008870251421182636,-0.003188318454533442,0.004153147066101948,0.009585611455469482,0.009538358832695052,0.004699353887154193,0.0016281084188749797,-0.006932059162593705
education-num,0.3326131306661429,0.030940375874514082,-0.03876068354970947,1.0,0.12514645910572303,0.08097193774847414,0.14368890939247667,-0.11859908800453876,0.1046918385071849,-0.07930379989678002,0.09720990675360516,0.017011073901224864,0.0797827770190717,0.0580721850197635,-0.01435002118600596,-0.009081108677487829,-0.028920060265847983,0.08054726895282405,-0.0038811913580331955,-0.05648195532916054,-0.06895344035207891,-0.03110515187409903,0.003794902639693344,0.06094247344931503,-0.11728194122504439,-0.16893668862630123,-0.08005296095365133,-0.12769468221811725,0.03571667569884393,-0.14333452983174044,0.004141829812011399,0.20128530231307787,0.41795574661924945,-0.15694280256280574,0.0026221443595536493,-0.10642929856008486,-0.06883296038798133,0.004012607732932087,-0.09731640531321648,0.05700441128108575,0.07265853972585254,0.03574858671785546,-0.05946063566858184,-0.08525337417430853,0.04928677237210715,0.06415318877870937,-0.0440932500650906,-0.07436362830106097,-0.026487773952054934,-0.009328017717674147,0.00932801771767419,0.10420952696962167,-0.07364183078043729,0.03160579045526746,-0.22208453719004567,0.019524764499106746,-0.00014989782002539851,-0.02356319884587535,0.014611001127938821,-0.041775721023464434,-0.01421950517343618,-0.006383384969232983,-0.003151903710340646,0.02851949792675088,0.0204983697881807,0.012984022070007333,-0.003981168940002132,-0.013305228843558111,-0.007544057476059091,0.023049457411945803,-0.003009518581555899,-0.0478164568341789,-0.023246488230473292,0.022740604730352464,0.02149405811758069,-0.06232048830710428,0.0034255635647771525,0.04542007892502653,-0.013288644294923458,0.0072826936746470256,-0.049309922989325836,0.0009066338145505596,0.053249093317753085,-0.01057015424301558,0.02085952617279253,-0.00029220082033740516,-0.009846850414473831,-0.010200841042214111,-0.004839141605680073,-0.013604424469817794,-0.005798247296772117,0.006670082017159747,-0.00013743645584276588
capital-gain,0.22301302085824118,0.07722902236438144,-0.003706388611082744,0.12514645910572303,1.0,-0.03144077064746415,0.08215727805587829,-0.036986385862869335,-0.008904472896056533,-0.019061815882877184,-0.009871640077543582,0.027630114031022605,0.10314371030197227,-0.0036331095023621257,-0.002072177225841326,-0.0020980215646276617,-0.06542152713042676,0.08152513814671389,-0.015181855359167764,-0.011998960726180176,-0.011426314321942632,-0.006892819316514588,0.006992741459767008,-0.009575320955066002,-0.019255575516434902,-0.038725430287921365,-0.019157263498753404,-0.02247328015560577,0.008982592192993638,-0.018276692627483705,-0.029105270890714064,0.06068817007073825,0.08507045340588161,-0.02632404064028799,-0.006962028722301265,-0.008644037455898212,-0.008464671531027037,-0.0013936688335169332,-0.052038144484210465,-0.02332868593080768,0.07678108566358682,0.017415514123709227,-0.02886375450005021,-0.02020365327207078,0.014800502938857561,0.01101608746602897,-0.0011775300051684238,-0.021456392026514486,-0.007144130198504909,-0.04709405220821021,0.04709405220821011,0.004191080889277342,-0.005196462994995962,0.0120853198981556,-0.01253952926304317,0.004495545015311298,-0.003441717065549648,-0.004112389788000393,0.001267459027928961,-0.0061372189515684315,-0.004346758718121819,-0.0012264489455000153,-0.002158852988730285,0.0019185436738263883,-1.7242032516391823e-05,0.00390592286625752,0.0002227544986029063,-0.005343607817424212,-0.0026729265904513674,0.002207074196783593,-0.004281962658850761,-0.004355189584316617,-0.0017513317125989621,0.00463754172141169,-0.00014855028851358765,-0.0051948964507016375,-0.0019237857104502452,0.004259566280992778,-0.00399916308827443,-0.002780549817870553,-9.0136380384298e-05,-0.0023169627924518794,0.01582274218844248,-0.0027776733207639202,-0.0024773427554940393,-0.0031430307552115203,-0.0030595119169721436,-0.003038848096009743,-0.0036495611633407896,-0.0027262827038315673,-0.0004738319178279107,-0.001558573664801264,-0.0006552195974542852
capital-loss,0.1475544881993945,0.05694382610561179,-0.004366149679495462,0.08097193774847414,-0.03144077064746415,1.0,0.054467216095187086,-0.02517550306040789,-0.0024497520008151604,-0.012155032775196344,0.00950374264299993,0.015883508029149035,0.03703579790786097,0.009220926708249828,-0.0031071468136394426,0.00012118817137277737,-0.05812113959804991,0.07556990033707342,-0.019523780531995667,-0.01378094789309621,-0.0026139481767513827,-0.006886656930888706,-0.0001875830679794411,0.004315201563368111,-0.0040774030207374,-0.038028969676988336,-0.012325638344597769,-0.02038283906706518,0.00842578900827149,-0.006927829553020317,-0.02145697428930188,0.0496985805267926,0.045043171021254665,-0.014668914354756013,-0.0008877088105595546,-0.012395440209262896,-0.008261177905324452,0.001665645753188451,-0.0491671564162583,-0.015584642860979476,0.0708389507688765,0.015848950745151417,-0.034717921908897685,-0.016633489083136242,0.020571875150957125,0.0035811163602317746,-0.005575990182184916,-0.0209555678876564,-0.01215690453149341,-0.04548041883314928,0.04548041883314932,0.009449190108004312,-0.007159265328732594,0.0024464782398509726,-0.019178032193800938,0.00019724471488329293,-0.0017936299609530972,-0.002072950250543877,0.006625189334569951,0.0026359721862176644,-0.003273703052986104,0.006377910110904714,0.0005935083048083042,0.003184675407844351,0.00271271031084986,0.0056376800619901205,0.006869113508401749,-0.002305780910068647,-0.00011778578718235074,0.010325257879223877,-0.0036058123885589002,-0.008047348188706945,-0.004015500461647296,-0.0030243850941583687,-0.004206203342336112,-0.0073150839110963,0.010332583935044985,0.00307750029544036,-0.0013811020825079013,-0.002337770411446959,-0.005529379235004997,-0.004503190735936742,0.0038574008730661606,-0.000638245030178316,-0.0034931482407319354,-0.0005867270512107303,-0.006593617134617531,0.004027641472336498,-0.00806599453488727,0.0032392602770232996,-0.004712848821249524,1.4056693074992597e-05,0.023775253981991797
hours-per-week,0.2276867605608102,0.0715583385269823,-0.013518714690561375,0.14368890939247667,0.08215727805587829,0.054467216095187086,1.0,-0.01814692684015621,-0.02209359626247606,-0.17131790963743537,0.008981428293605537,0.09394423561490654,0.12468026436575728,0.015300243366208503,-0.013306767046057814,-0.010829121208933206,-0.19997957746468706,0.2140766027029622,0.022173354618616962,-0.010948362606439405,-0.10094874999551265,-0.006794183927467819,-0.0013589344696838049,-0.009892202046462323,0.07819626312510831,-0.15320927678093807,-0.17184900532423497,-0.04265525141141553,0.009401347610545363,0.0563711319736308,-0.0789158609002637,0.13862604735035916,0.05710389451037354,0.007383226286758763,0.027376798708720937,0.09154858070894532,-0.04212716881251653,0.0016657216561033132,-0.25182715800221606,0.005108712058351604,0.24857394625816023,-0.06671358544280676,-0.03453644784178319,-0.0474190590077113,0.04660633316549677,-0.007772777896311466,-0.009017120084145383,-0.047960689954050076,-0.0011935679102925364,-0.22855979909118596,0.22855979909118623,0.004390117821379175,-0.018492034796202643,0.006581975388688019,-0.0023759198922786635,-0.0050455695992080345,-0.00931598654398762,-0.01108443847496354,-7.792663922739034e-05,-0.006977883797130584,-0.0013786507650106919,0.003118265340649431,0.004466405019428238,0.007091531244395138,0.00624105913130433,0.009526110721154134,0.016560760060404838,-0.0016610952285240122,-0.00828914860304492,-0.008723285859095585,-0.009611216833134543,0.005432983966782796,0.0019496087225213863,0.006521611367971372,0.0020648916332685055,-0.005850840108248061,-0.00031153889888883266,-0.003011930985619357,-0.008909040716864281,0.008558187813637848,0.004448090642108409,0.0020826124326778317,0.00450069610844124,-0.0018061072553955087,0.005330422413748654,0.0016210709138878838,-0.002832325996753533,-0.002910514033259323,-0.004749759279627119,-0.007795158935038514,-0.0003590764728092109,-0.003940258804235129,-0.00015423965373308259
workclass_0,-0.0756252532152213,-0.19126318473496975,0.042874674331360586,-0.11859908800453876,-0.036986385862869335,-0.02517550306040789,-0.01814692684015621,1.0,-0.3097830048904341,-0.37148456103301125,-0.3946594858166698,-0.4414866092846145,-0.285679413717915,-0.2618530625859254,-0.021560998551550338,-0.031248375039337084,0.09966687678953938,-0.09475584425367492,0.01263229885769668,0.014509359957180584,-0.04143033027812597,0.00672264992359342,-0.002721982035242285,0.03937537881692983,0.05085510736223722,0.09438733795109586,-0.3721879912938126,0.10684717773067304,0.08686575985925764,0.06783072289737274,0.04359797803778916,-0.03093052830951571,-0.11710174733297303,0.14462852764216932,-0.12131857713564201,-0.0941455478975655,0.04683477325530852,-0.026408074418819486,0.051576484610943545,0.03860293362684929,-0.08520902337717971,-0.02775943226584674,0.01772431010524168,0.038954031412390046,0.004155076688279888,-0.002940347107584073,0.01475914648969728,-0.0005003527680115982,-0.021973299028778894,0.03384531383274963,-0.03384531383274974,-0.04145885024500811,0.021647423767019624,0.001378386863808832,0.050111639010934725,0.013312291138874858,0.005906490228807888,0.004465898204292191,-0.009731979755206156,0.010349135347188544,-0.0006691296428926366,0.00475713010388668,0.010198983687750558,-0.006342411790159984,0.0016028428286951827,-0.02001760955240297,-0.007040302295623073,0.009587920695782431,0.008796314975521585,0.0002740949878519485,0.013134884789732244,0.004188639860994289,-0.0008546133610377127,0.00526135200429191,-0.004117346744321454,0.017719473438206155,0.005692863678561737,-0.009901066052602835,0.008399932225109713,-0.0014813460845342359,0.015980967008241132,0.005191253952317878,-0.0022602958842641834,0.006213226422073518,-0.002198584575095693,0.006213226422073503,0.008438031638895817,0.00048522707203238214,0.01281009985179493,-0.0019415298628455875,0.002116757673330106,-0.004934514706065899,0.0030032162137081974
workclass_1,0.013618838149645365,0.013028611691462869,-0.01505142266946376,0.1046918385071849,-0.008904472896056533,-0.0024497520008151604,-0.02209359626247606,-0.3097830048904341,1.0,-0.050693946769851214,-0.05385646959478676,-0.060246645536065374,-0.03898470760665444,-0.0357332891018152,-0.002942281396130544,-0.004264251134646013,-0.0039058627778034176,-0.0036824233095806465,0.01423005607849153,0.0017542016018121211,-0.008713678897230211,-0.00043416335867827,0.0018835508265053723,0.017360469585666047,-0.01720774300201137,-0.0029902591729971074,-0.05078993906653859,-0.033491963220326354,-0.0667080373037883,-0.04827502096526489,0.0479831064919114,0.012619113575026751,0.11828491572663345,-0.044617597340766486,0.09987093815511472,-0.021384368308396406,-0.014508616792391849,-0.0036037285510848466,-0.01704851973894599,0.01795173193629715,-0.005641438962563446,0.0050905888082074715,0.009527832340957451,-0.016860529079716163,-0.024126956836699947,0.018170461891713667,-0.002820230939852019,0.017614977376519403,0.004185778911092061,0.02342800831091415,-0.023428008310914135,0.021278344153912294,-0.011601010058159894,0.00019022060639773962,-0.024466504352600636,-0.003971726420912835,-0.001301235302520709,-0.0027618451133216175,-0.005760655789796796,-0.005866809724007171,-0.010944443650527623,-0.0005882368179416985,-0.005661156555966711,-0.004162333590553162,-0.0023458589117732994,-0.007847037843446618,-0.00651561990142617,-0.0036045378642188164,-0.006159575493268799,0.016741818264702193,-0.006312817964479346,-0.004816152772644863,-0.005061580288003184,-0.0017508750594053951,0.0026341399382231252,-0.008735196345923804,0.00328099003282701,0.012423109471905927,-0.003237169446332782,-0.0009081173855694297,-0.009451848827373075,0.0007422283710961505,0.020332151305833487,-0.004462784747945661,-0.002014782740541408,0.0003211700543974676,0.0005980757333730581,-0.00041993219847049533,-0.002897838516260188,0.006098684348531283,-0.004462784747945644,-0.004056028811839408,-0.0009303453430182181
workclass_2,-0.08356732944325718,0.026930713861483428,-0.005625297702341742,-0.07930379989678002,-0.019061815882877184,-0.012155032775196344,-0.17131790963743537,-0.37148456103301125,-0.050693946769851214,1.0,-0.06458342339755876,-0.07224637348518234,-0.04674955295685195,-0.042850527649017624,-0.0035283152904521517,-0.005113590596904237,0.05833349115770147,-0.0628468910505973,-0.028571994757920306,0.004712934944195011,0.0685317535859634,0.006263737523448271,0.009219644953459862,-0.043065842108494706,-0.05549442276297946,-0.08254833902027747,0.9981100135489065,-0.05189563535079141,-0.08786672160315312,-0.09324914728847841,-0.08882641537082953,-0.09302230197154679,-0.09377158999986718,-0.06331977023862256,-0.03533577262464216,-0.04373645847421878,-0.017398395183829157,-0.004321507305913639,0.10546785291008265,-0.011097820470391472,-0.07520367252130652,0.023724684671122667,-0.010261272192066878,0.009526523276998022,-0.0205833855630399,0.00454185431115062,0.007502841564641054,0.017204468904233307,0.0072778126880012365,0.06400996694764712,-0.06400996694764702,0.005257704174470258,-0.0013823319191424688,-0.002088087049049705,-0.004143349863806609,-0.005577160769612389,0.0021188234615683913,0.003828822205529382,0.012390061772962027,-0.002220858412701507,-0.004826610333795698,0.001455099806467256,-0.0035870526317538106,-0.0009665393208650471,0.0012488284601062636,0.013467133658507146,-0.007813379561591177,-0.003954419314944881,-0.004051809884688204,0.0035444772769392284,-0.004698483621034906,0.002761770320956232,-0.0019347194269788185,-0.004616236680122918,0.0016239025177933724,-0.0063207835058012906,0.0009982905516644695,0.015162183458413673,-0.005030891030357443,-0.0025570913299453085,0.0001869434899454523,-0.000864488163484187,-0.007383581196865961,0.002768814774696107,-0.0005613282280290189,-0.001291426352565647,-0.001680564156686936,-0.002051036652030663,-0.005819909983934855,-0.0006363125763120204,-0.005351667479827515,-0.00039684175632902663,-0.0011156484568366242
workclass_3,0.03457640206623037,0.05793536584028701,0.001232769930664415,0.09720990675360516,-0.009871640077543582,0.00950374264299993,0.008981428293605537,-0.3946594858166698,-0.05385646959478676,-0.06458342339755876,1.0,-0.07675343635410839,-0.04966600625556321,-0.04552374171865457,-0.0037484279143574144,-0.005432600025258811,-0.04206917740550045,0.016614977512672328,0.02514096909424124,0.0008454696407394031,0.020472721274142913,-0.005428541838537234,-0.007212239213367263,-0.017170541704091515,0.0018685882577928778,-0.004464439967528869,-0.06470571632472098,-0.028195853737612433,-0.08912190711319067,-0.04580131198379936,0.015908720544642277,-0.015114509553103513,0.16710116134495084,-0.05894933825811677,0.23011320919211747,-0.02558039867199548,-0.018483787531280656,-0.004591102915723379,-0.03592721764918829,-0.0032310616023715306,0.0037613632730586614,0.02990779844938818,0.02914624379453271,-0.01579801191402627,-0.02904312233009511,-0.018539937725514335,-0.009262266718496667,0.038628654283315404,0.029794439166116068,0.038743551995662,-0.03874355199566195,0.03487409189869686,-0.007354192835349174,-0.012103475654272168,-0.02421710301492555,-0.003170536390994652,-0.00512247845304927,-0.001739657793289629,-0.0023108528126603856,0.001616898939146783,-0.0013542023471924786,-0.006273475938470656,-0.007212239213367281,-0.0043000974207890955,-0.003533380833229405,-0.01272522595606355,-0.005662406013323757,-0.006928916828690765,-0.003031897763068706,-0.008087704059434287,-0.0053194464485498225,-0.00519473993102981,-0.0031410709931707107,-0.007526381709173891,0.002285603676082565,-0.003250228877425302,-0.003122517154168989,-0.004979728783166857,-0.0003855894194263205,-0.0031225171541689662,-0.004758337487522664,-0.0054326000252588975,-0.010073341985687451,-0.0018355317491270454,0.0046736999689673585,-0.0018355317491270278,-0.005201405592591181,0.0009466967605960444,0.00034830859887900284,-0.0011730849618825365,-0.0018355317491270614,-0.005167327516576674,-0.0011852477666983831
workclass_4,0.02718988421513285,0.1429555308711469,-0.03908239915420357,0.017011073901224864,0.027630114031022605,0.015883508029149035,0.09394423561490654,-0.4414866092846145,-0.060246645536065374,-0.07224637348518234,-0.07675343635410839,1.0,-0.055558975487701626,-0.05092522312425399,-0.004193186251771,-0.006077188692900631,-0.10672215472834351,0.11945669254526882,-0.020481760222461638,-0.015670981877588936,0.0030473339277903356,-0.0011157672508597483,0.00020506755763914525,-0.032380503875426334,-0.00113792147524504,-0.028545886964888315,-0.07238317670844796,-0.05376947946085222,0.03738074991804427,0.07216700026125186,-0.08890923846102271,0.024298769959516724,0.019860158615846245,-0.056671272415754384,-0.03821243679088164,0.23611208753094173,-0.020676925241100413,-0.005135846297841118,-0.07447492831090886,-0.038507086023096146,0.12124411496320796,0.002379130968081619,-0.03843351707350096,-0.025492130017576758,0.0590123610984725,-0.00878940184559678,-0.01345661151163037,-0.06040479070186581,-0.002458670909215543,-0.10497399290244461,0.10497399290244451,0.011039919984807946,-0.011137239095576625,-0.0010194284520255999,-0.015483179844584374,-0.015007732093142242,-0.003381286056610381,-0.005678098908700796,0.005739378921024382,-0.011826460364234834,0.005843644656380787,-0.000678316414612667,0.0002050675576390824,0.018205901227583057,0.00440691435891606,0.02959796737325446,0.012283937186106769,0.0023280906456781252,0.0003617093067286761,-0.007062987311351556,-0.004049760564470891,-0.0026603663480514405,0.00933338041127558,0.0012694002611239362,-0.001508732144211056,-0.00708169026812365,-0.007264299396476627,-0.008615397003837916,-0.0020958357637333182,0.001922725749114053,-0.008508452440814353,0.001242533388889025,-0.001284351817417676,-0.006360128461645099,-1.2814228625714922e-05,-0.0028629385136155977,-0.0013959533155588784,-0.003663415335985933,-0.007143781408886678,-0.0021804649679879624,0.007628631330473068,0.017305086180722438,-0.0013258797431386306
workclass_5,0.1395962164534322,0.0989619727150192,-0.01916488889775649,0.0797827770190717,0.10314371030197227,0.03703579790786097,0.12468026436575728,-0.285679413717915,-0.03898470760665444,-0.04674955295685195,-0.04966600625556321,-0.055558975487701626,1.0,-0.03295295390536301,-0.0027133484115339805,-0.003932458349425876,-0.082866353899249,0.10941983295469526,-0.02749058676527562,-0.018042877948719616,-0.007529359298233317,-0.013696314876243324,-0.005220673375693847,-0.027178772824136277,-0.022833529395982325,-0.047875471018039,-0.0468380762864287,-0.03657875453854584,0.08100757086312713,-0.015250674286424555,-0.05182161589823491,0.13744269093564823,0.010372374501500019,-0.040800983271692896,-0.02319110857600217,0.019703302615558242,-0.013379730565188163,-0.0033233296966583684,-0.05254419815561156,-0.04698255831327749,0.1150892622369908,-0.006766034573035745,-0.036449072573076405,-0.02476063248547344,0.04311834001676456,0.007272251837643678,-0.00996707622933074,-0.047325995734142465,-0.016398276940888523,-0.08338759897081698,0.08338759897081699,-0.0018929786971229744,-0.008709476014523484,0.016408534118166358,-0.019432760181604575,-0.011892966655888956,-0.005356697470176861,-0.0017220550179316196,0.0122713127758185,-0.009833781904480329,0.01519666225652303,-0.004541137341136352,-0.001154849744734148,-0.00015303931014967154,-0.005288007379288815,0.018485444245285938,0.029326319688323513,-0.007916783974598133,-0.0052950992990021435,0.0017169527552865732,-0.005821630323581645,0.005061990289011284,0.0056905284981209735,0.00208262770366238,0.0014689730059071714,-0.008055528326019665,-0.00018562133713468572,0.01762589572962254,-0.00600865265060793,0.01335937470121176,-0.0038393984460116347,-0.003932458349425914,0.009590727524317494,-0.004115544462464235,0.00273321390656301,-0.0041155444624642505,-0.005757945038175491,0.005058897814634175,-0.006438889110638895,0.007220663179918445,0.0010405777033861783,0.0019322979906281651,-0.0008579570472003044
workclass_6,0.06211221735802713,0.04986706808769101,-0.009996382566620268,0.0580721850197635,-0.0036331095023621257,0.009220926708249828,0.015300243366208503,-0.2618530625859254,-0.0357332891018152,-0.042850527649017624,-0.04552374171865457,-0.05092522312425399,-0.03295295390536301,1.0,-0.0024870486192064153,-0.0036044818521839294,-0.02698148540259717,0.015801100529147225,0.015420092769075909,-0.004081439812184066,0.0024434178778528913,-0.003675988314479497,0.008448257528210401,0.038382627826793206,-0.01815531554701152,-0.03601471555482565,-0.04293166791970814,-0.014902753909426664,-0.05541101196217292,-0.031617355051876385,0.12274015916201528,0.03291226893676858,0.026315049396004434,-0.03506182784020021,0.015711143836722306,-0.024477709192188748,-0.01226382881242021,0.10085073727237245,-0.04131451104014336,0.008069773768303916,0.01977579847776255,-0.004180143147286898,0.013757653896769155,-0.009235313059730684,-0.053578450750738506,0.013608581220516952,-0.0012077590175142224,0.04848291067804765,0.02389437425800124,-0.0058609157863263464,0.0058609157863263265,0.013955733740193313,-0.0054904560974110925,0.0008075187948455669,-0.020977205950004244,0.01621333266755724,0.0012930059321677584,-0.0006165770674473352,-0.0026612900875661893,0.009123442087624868,-0.002391704702676688,0.0009079287579988329,-0.004785256642734823,0.000944007755236429,0.0006589048870878915,-0.003434856754570283,-0.0055075165483584225,-0.001432939181482742,-0.0015094721156132009,-0.0038341003235228886,-0.0013795490108863724,-0.00316225451327743,-0.005446437453834234,0.00084712107731793,0.003671068986264604,-0.004521869884624382,-0.004308576986266448,-0.006344328569202659,-0.0016738869272359138,-0.004308576986266466,-0.007989449141737836,-0.0036044818521839403,-0.0009338524590947455,0.0018217808554116311,-0.0004967535394333942,-0.0037722981424517673,-0.005277718554604931,0.001075963232471749,-0.005497205734284313,-0.003517578077416121,-0.0037722981424518037,-0.0034284758994204616,-0.0007864013631672114
workclass_7,-0.008025842507212107,-0.019563711617046255,0.003437778546176539,-0.01435002118600596,-0.002072177225841326,-0.0031071468136394426,-0.013306767046057814,-0.021560998551550338,-0.002942281396130544,-0.0035283152904521517,-0.0037484279143574144,-0.004193186251771,-0.0027133484115339805,-0.0024870486192064153,1.0,-0.00029679327492503803,0.011261121488626865,-0.010287665846449951,-0.001495651319376423,-0.0025734030174045085,-0.002562966366141298,0.011068872062692902,-0.0003940183495426813,-0.0024995454905057672,-0.003220901470264402,-0.0047911132917605945,0.057930398228592854,-0.003012027513387781,-0.005099792712641783,-0.00541218920115913,-0.0051554934283788295,-0.005399023077818374,-0.0054425118248293556,-0.003675085367216972,-0.0020508915370782426,-0.0025384681268861547,-0.001009804478319916,-0.00025082068687920506,0.02152947212758038,-0.005157874516558122,-0.011773801950533559,0.003509001909072968,-0.004899700150325135,0.005725650537820658,-0.006302102867791888,-0.00256383750725202,-0.001310166907000087,0.009917078885066785,-0.0014105862654279573,-0.0009580923794818512,0.0009580923794818228,0.00483805680522471,-0.0008074340977774943,-0.0019124293730838006,-0.0020165595419659793,-0.0011155204936131708,-0.0006045020666542709,-0.0005611970194105907,-0.0008751800026446535,-0.0008799936301302371,-0.0007617368608714093,-0.0003427319258338699,-0.0003940183495426792,-0.0004976677490799522,-0.0007306649101746191,-0.0006952033037774033,-0.00045348927810546054,-0.0005975011135306837,-0.000601011712307719,-0.0007161005702314302,-0.0004393741969043174,-0.0005303792274060982,-0.0006642216042378658,-0.0006216620377793588,-0.0009313275052324855,-0.0006079725252474155,-0.00035476851499359805,-0.0005223924354379136,-0.00045348927810544986,-0.0003547685149935978,-0.0006578517725610585,-0.00029679327492503494,-0.0007969147600084843,-0.00031061127940304483,-0.0003993115140157012,-0.00031061127940304413,-0.0004345676960489474,-0.0003365526226955031,-0.0006673839158742072,-0.0002896376123431726,-0.00031061127940304695,-0.00028230093309362914,-6.475234043375541e-05
workclass_8,-0.007002188143272297,0.01307307904548787,-0.004273842096762032,-0.009081108677487829,-0.0020980215646276617,0.00012118817137277737,-0.010829121208933206,-0.031248375039337084,-0.004264251134646013,-0.005113590596904237,-0.005432600025258811,-0.006077188692900631,-0.003932458349425876,-0.0036044818521839294,-0.00029679327492503803,1.0,-0.001952579685668616,0.006695713559545953,-0.008221646106791068,-0.0037296353609482893,0.0019766904878890774,0.006399247003095854,-0.0005710511565339708,-0.0036225935792565584,-5.786104538891392e-05,-0.0003827758546102776,-0.005123273514431739,0.005434796994041202,-0.0042678838204527345,-0.004859041983288144,0.0018195980853482423,-0.00483450093821387,-0.00788783739545611,0.0028722195355503377,-0.0029723589917413033,0.04226281050779771,-0.0014635105595641944,-0.00036351465227763566,0.012929166989360431,-0.012217729315342665,-0.0009602694466264648,0.00925500381013022,-0.0006559110997003484,-0.0036993295342572464,0.002928976291455279,0.001973614407457497,-0.0018988261038180494,-0.003401846714922007,-0.0020443639723847695,7.997879443473954e-05,-7.997879443474589e-05,0.003756688076333435,-0.001170214980840275,-0.0027716856500631833,-0.0029226015996357707,0.01112969586174569,-0.0008761054014128017,-0.0008133433565969454,-0.001268399183098187,-0.0012753755778421349,-0.001103985933345611,-0.0004967216954634393,-0.0005710511565339707,-0.0007212703266526002,-0.0010589533266110182,-0.00100755878783082,-0.0006572424280200329,-0.000865958913609112,-0.0008710468276468171,-0.0010378452153305096,-0.0006367854278477443,-0.000768679102288968,-0.0009626569821814775,-0.0009009753633535155,-0.0013497738102608446,-0.0008811351402450699,-0.0005141663352076701,-0.0007571038373407156,-0.0006572424280200284,-0.000514166335207667,-0.0009534251792713058,-0.00043014276643247765,-0.0011549692949326664,-0.0004501692130365903,-0.0005787225446750303,-0.0004501692130365913,-0.0006298193617355274,-0.00048776602573934126,-0.0009672401233457199,-0.0004197720580685524,-0.0004501692130365931,-0.00040913900208160744,-9.384562657017235e-05
marital-status_0,-0.31878175012120646,-0.5382498851802376,0.03845584311819244,-0.028920060265847983,-0.06542152713042676,-0.05812113959804991,-0.19997957746468706,0.09966687678953938,-0.0039058627778034176,0.05833349115770147,-0.04206917740550045,-0.10672215472834351,-0.082866353899249,-0.02698148540259717,0.011261121488626865,-0.001952579685668616,1.0,-0.6453615322928707,-0.2781984733578086,-0.12620086660505325,-0.12568904843084433,-0.08009317600028398,-0.01932284093640756,0.00741026943474548,-0.059170498687759594,0.11823780767892403,0.058927917362639894,0.07459332185389006,0.024204699616733053,-0.09420563111995738,0.0694317386763444,-0.09865224705418132,-0.024591717611599926,-0.0226289610587306,-0.027091225690926025,-0.014602509918245164,0.011872011253131979,0.007580071535683108,0.5108626385545719,0.2948980192624139,-0.5773926584154699,-0.1571070136882654,-0.05088809442844318,0.10655930242678743,-0.06959854896597634,0.010725094705615848,0.01248219465874755,0.07186579513356418,0.0035273402743112503,0.1734217613069429,-0.17342176130694315,0.0024701476475528653,0.019240362049880208,0.00603755605100336,0.005100982374731382,-0.0007557511960892893,-0.007959950788060131,0.0013915103662300527,-0.009330960706252436,-0.0012202114553608342,-0.016027293865806033,-0.00043569088313133897,0.0075818129530935904,-0.006855767613646142,-0.0007761598250074675,0.0009451565956591019,-0.009860560475814156,-0.0010953511665028,0.013108702628098408,-0.016799091474039723,0.0025846699973002484,-0.010716120823643142,-0.017531668259723868,-0.00437678674232062,-0.006703037406437985,0.01638853356211688,0.00017667521679245237,0.004241462512590786,0.005269037680307616,0.00017667521679245757,0.001909599663827707,-0.0019525796856686352,-0.009276535578706757,0.0008236937533418154,-0.002403942024129531,0.0068447738681913515,-0.005524335304603454,0.002020081339149416,0.01218447640973259,-0.0012905802189612757,-0.005197386361507826,-0.0028035724251305894,0.00644770933321183
marital-status_1,0.4458525188656861,0.3159259970983603,-0.025023257580507365,0.08054726895282405,0.08152513814671389,0.07556990033707342,0.2140766027029622,-0.09475584425367492,-0.0036824233095806465,-0.0628468910505973,0.016614977512672328,0.11945669254526882,0.10941983295469526,0.015801100529147225,-0.010287665846449951,0.006695713559545953,-0.6453615322928707,1.0,-0.36454678026228066,-0.16537157458808316,-0.16470089633009036,-0.10495280250632742,-0.025320338260188053,-0.012981334435910121,0.07863796043848055,-0.15938060138373525,-0.06337394402362441,-0.04594913697865342,-0.00401382888818109,0.12636989001645293,-0.1386478828368357,0.10095974502699422,0.04378571809786536,0.014385871729269632,0.038799886713002954,0.0445134154184961,-0.04909062639697828,0.0002981303109505913,-0.3779519447034541,-0.5395714872680091,0.8936758901178312,0.2390069592868232,-0.31486367404899107,-0.11624834485439171,0.10726562369212259,0.00970720446905461,-0.013136848273583562,-0.12330155598654675,-0.019930977106413495,-0.43112607984065654,0.43112607984065676,-0.010897234235871425,-0.013895854195055124,0.00479781985942683,0.00751214727522781,0.005745500142461379,0.004031841996403317,-0.004580178146996042,0.006480594413172273,-0.010938278073826432,0.00756320610356609,0.0054431232003814695,-0.004410600899924536,0.007058731629940846,-0.003381197111898502,0.0011089492439850658,0.016288167831731634,-0.005862355515887007,-0.004317036575574762,0.020663519089670047,-0.00546139992342019,0.011436771218310856,0.022082698055219167,0.005540615625183568,-0.00024570071717020854,-0.017752242670398686,0.008714455050611006,0.007008221227007299,-0.00577793732594757,-0.001236869362514814,-0.010027025910716213,0.0007492079256109641,0.01466533820550513,0.004662415788573526,-0.0020799308399367354,-0.010490115593739168,0.0018709474024813527,0.00284753502484079,-0.014630333454667807,-0.01048825139435339,0.008450548634151709,0.0006133937758374235,-0.00416110357506068
marital-status_2,-0.12833501378451528,0.1305631299844341,-0.01844805284614324,-0.0038811913580331955,-0.015181855359167764,-0.019523780531995667,0.022173354618616962,0.01263229885769668,0.01423005607849153,-0.028571994757920306,0.02514096909424124,-0.020481760222461638,-0.02749058676527562,0.015420092769075909,-0.001495651319376423,-0.008221646106791068,-0.2781984733578086,-0.36454678026228066,1.0,-0.0712873595420669,-0.07099824769056769,-0.045242407504749456,-0.010914935422105143,0.015029741640130117,-0.018362912418655224,0.01854746815623217,-0.028616101171023724,-0.02502306466815151,-0.015776242405094915,-0.027281900020317693,0.08059039819252804,0.011488718936228692,-0.007768637146339982,0.005853415928874895,-0.005318238756906794,-0.0390432534134101,0.011180068222356154,-0.006948132245597442,-0.09482497820956935,0.2622694217326622,-0.3261530538156037,-0.08874538244198764,0.326256554238095,-0.008132328682774128,0.002122165224402488,-0.03383936112906511,-0.00864734301979077,0.014764838135761255,0.016022088091112066,0.22877514148470568,-0.22877514148470574,0.05030551485438803,-0.015991701546701296,-0.020203654838453707,-0.03769554596228521,-0.014703633426115444,-0.011076405239631593,-0.004861892776344176,0.0022397762628708602,-0.004866209045097505,0.0036692882272935734,-0.006997414454941807,-0.004398289219622989,-0.0017421071143908318,0.005577584261450221,-0.0056940176573354335,-0.006898934026449829,-0.0036469559396299913,-0.006670356324369905,-0.012653335975314905,-0.0024296615543022066,-0.003389239959545051,-0.011948181216722071,0.0006973230025672922,0.00647761614977105,-0.0112047884189427,-0.00982765253304992,-0.01283175191744031,-0.005011120435177034,-0.0025910747399061898,-0.001287092826687248,0.00042692142670787197,-0.017769717489396944,-0.00860442682427531,0.006086155698335704,0.00516917600975119,-0.0021889683572604807,-0.004237851080172719,-0.0069291215244202215,0.006746666821002104,-0.00309498569066463,-0.0017587303380258697,-0.0017937428931544366
