,class,age,fnlwgt,education-num,capital-gain,capital-loss,hours-per-week,workclass_0,workclass_1,workclass_2,workclass_3,workclass_4,workclass_5,workclass_6,workclass_7,workclass_8,marital-status_0,marital-status_1,marital-status_2,marital-status_3,marital-status_4,marital-status_5,marital-status_6,occupation_0,occupation_1,occupation_2,occupation_3,occupation_4,occupation_5,occupation_6,occupation_7,occupation_8,occupation_9,occupation_10,occupation_11,occupation_12,occupation_13,occupation_14,relationship_0,relationship_1,relationship_2,relationship_3,relationship_4,relationship_5,race_0,race_1,race_2,race_3,race_4,sex_0,sex_1,native-country_0,native-country_1,native-country_2,native-country_3,native-country_4,native-country_5,native-country_6,native-country_7,native-country_8,native-country_9,native-country_10,native-country_11,native-country_12,native-country_13,native-country_14,native-country_15,native-country_16,native-country_17,native-country_18,native-country_19,native-country_20,native-country_21,native-country_22,native-country_23,native-country_24,native-country_25,native-country_26,native-country_27,native-country_28,native-country_29,native-country_30,native-country_31,native-country_32,native-country_33,native-country_34,native-country_35,native-country_36,native-country_37,native-country_38,native-country_39,native-country_40,native-country_41
class,1.0,0.26943278344728966,-0.005934363931014745,0.3278147269178632,0.27773412927560365,0.1382483702271773,0.2681657658301571,-0.07562525321522216,0.013618838149645316,-0.08356732944325809,0.03457640206623039,0.02718988421513286,0.1395962164534328,0.062112217358027216,-0.008025842507212123,-0.007002188143272357,-0.31878175012120885,0.44585251886569016,-0.1283350137845163,-0.07358301767356364,-0.06505023473214253,-0.03930270610899493,0.008976737838502476,0.02095084775886493,-0.01848294055394935,-0.1552544391699546,-0.08392071837513165,-0.08518931565243754,0.023977170366918148,-0.011528916460029098,-0.08647462343871978,0.21093807533664138,0.18879279195859902,-0.06993604802005023,0.024872687521949086,-0.05121269742571441,-0.03752569583272309,0.003863802614007738,-0.22569064156842417,-0.19037211314597338,0.4037912326965145,0.12048366458910642,-0.14364204716224588,-0.08560137056045967,0.08370967320210575,0.012587092743966306,-0.02492028833572758,-0.09044803445919786,-0.028246934322010323,-0.21462803456392804,0.21462803456392804,0.03255124635918778,-0.02225937307738452,0.005458969519566057,-0.0627090620820016,0.008926098778107244,-0.0043445487262264255,-0.010964149670319305,0.015319591678050923,-0.01882183949422517,0.000885208798027297,0.00461137862688272,0.003744089864709312,0.010890057280989114,0.01565314072587418,-0.00744333153594485,0.009512257639906103,-0.01881176217845105,-0.01554222689105144,0.006544784141748031,-0.010962054863004146,-0.005227627801022708,0.009195977249843149,0.01105215572255868,0.006448177571032955,-0.020432781861365195,0.0015912623427590978,0.013751420815088676,-0.013225505750202019,-0.004219466512225689,-0.020551853146796615,-0.004687351749712537,0.022360984868701195,-0.007749517176643768,0.01188835183592993,-0.009961465246921033,-0.0075411488844037864,-0.009106862569064919,-0.010687527589727784,-0.006607463349332324,0.0055221712450198275,0.003537553736597705,-0.002537760395794322
age,0.26943278344728966,1.0,-0.07750419429937262,0.0632122643093882,0.12443564850017709,0.05758371789071024,0.14660426245021493,-0.18216358842298055,0.019905124057803963,-0.015960203223252315,0.06731968403879772,0.14175972221897196,0.10303703852345798,0.06056025705467462,-0.02148800944357427,0.00921912432056611,-0.5816545466538166,0.3487919204241135,0.1591898035814915,0.02439832101698588,0.22605497311177356,0.018658035744559306,-0.01465783943676323,-0.013712888714049189,0.03935731642243577,-0.0987037580660658,-0.01725399778798303,-0.09839289441948006,-0.03670857230619842,0.02567416871756493,-0.039839096140533554,0.1135172810116183,0.0671908224483586,-0.010745813717429088,0.0035932620624084055,0.026666594914056235,0.015929737741151823,-0.009329222022376776,-0.4722011307185265,-0.021430628796811756,0.34465079118703945,0.034106738209866184,0.056786763616712026,-0.07757580205465636,0.027836105416164852,-0.009122130371774373,-0.034021238671534774,-0.01327296896913049,-0.012485202219678054,-0.10037520864927447,0.10037520864927447,0.00900566421199325,-0.021729469519432148,0.0036075040878160453,-0.051389121221342676,0.006406022073090055,0.011569698579132709,0.0025468235361878495,0.021436627412502716,0.007646896859147678,0.02900908316422786,-0.002278301515122889,-0.0001371546849608082,0.0012544433127326517,0.0058593428969946236,-0.003360936911923582,0.016718287389756444,0.0031478976237793994,-0.013125850906680309,0.01336403563369426,-0.0041295219614873166,0.006918150400006118,0.024395098246495873,-0.001749182863456879,3.38430061595907e-06,-0.021258098265458797,-0.007228688635381272,-0.01105557604312327,-0.0060931997625717485,-0.00016822356069102554,-0.000870929366083013,0.010996704189751471,0.0014513278341672549,-0.004901024890668084,0.004021136977406746,0.0006296583443307606,-0.0029783987892203954,0.0027427246901911653,-0.004108139988604012,-0.005200249830540021,0.003741060991266196,0.014213197229716694,-0.00214319210332039
fnlwgt,-0.005934363931014745,-0.07750419429937262,1.0,-0.029643010232347968,-0.008754846561449132,-0.0009443424613124745,-0.01633435191849228,0.04647820223713802,-0.022311435506909574,-0.007370921211276335,0.008572347844686959,-0.04065233522050079,-0.01910896177662133,-0.017293515248325165,0.003752526316986111,-0.0033851898106879207,0.04223848417511076,-0.027051548789872065,-0.01864018607584103,0.021605114750044355,-0.025523561552821376,0.006984393412077327,-0.004281937138940898,-0.0007958003813849961,0.002947606131291345,-0.008846466182261668,-0.007127985182163018,0.024491151497921686,0.0054567299234409864,0.008678416993780969,0.009039244922689607,-0.01477381425191894,-0.01375298207004507,0.015072642221207693,0.019946819514941615,-0.035176032640053166,0.004936180541755995,0.007415082051849347,0.021021387052539205,0.0045288903372028705,-0.019771198077040582,-0.021861153461538982,0.0015426122690763342,0.024848141855462684,-0.04885579714746245,-0.06036545777573258,0.00934977249788501,0.11505721525630842,-0.07224252454355103,-0.027784817095619235,0.027784817095619235,-0.0755093475347928,0.02855426093724001,0.007837118225543293,0.12610932337600692,-0.021525646697914128,0.00028102486475104106,0.01782404525289097,-0.004597458287228437,0.016578129682245122,0.0399597970172278,0.0034980974739431056,-0.01374089667535292,0.003941391640263129,-0.0012285706846001051,-0.011953826120535733,-0.012235816434319062,0.011820969422596169,-0.00761651307826153,-0.009179232113886989,0.0199005511489847,-0.018110962347477326,-0.004041126739798127,-0.0013937726867703495,0.0022295349146628698,0.02215799762398239,0.006229122121703212,-0.001734547585127714,0.024404824499023363,-0.00036473131913529846,0.011498798513075894,-0.007403036349776216,-0.015785449791671926,0.0034257867284169146,-0.001095389503722906,0.0011033533204628267,-0.00047903071437488745,0.002353613431876977,0.017988544412009567,0.012779825358533276,0.0037360201380044183,0.0021958795329442885,-0.007650394596006403
education-num,0.3278147269178632,0.0632122643093882,-0.029643010232347968,1.0,0.11887147722293678,0.07701684481777188,0.1644369880034857,-0.12257258269585455,0.10481508872309722,-0.06862355665303216,0.10089565640962349,0.013811453250764534,0.07599784721741322,0.058190890125469304,-0.014367936905272915,-0.011154964698778377,-0.024544205042691523,0.07858746373348487,-0.009575917149114037,-0.057815372800992644,-0.06729496121802331,-0.02352899564907945,0.002368774713663739,0.07499583549030454,-0.13329045611549564,-0.16885392679520975,-0.06939168845366213,-0.13376618624126574,0.03729852631999013,-0.15818155977823148,0.0037167797768633834,0.2118899583123922,0.41554266067852424,-0.16382096725343692,0.005122884420985925,-0.09327253319286107,-0.059286504198219826,0.0031143717573986845,-0.1000849426489998,0.06264909365708149,0.07018353730884261,0.036068205084233744,-0.061862912608627287,-0.0828450132165168,0.049740756950951905,0.06896938828767109,-0.033676853913372676,-0.08100688223608023,-0.02633695068506816,-0.0034041976090892156,0.0034041976090892156,0.05745449422902145,-0.05130700733867827,0.03430016523425594,-0.1550057451779269,0.02659797140456574,0.0013428570005463132,-0.018309940908016676,0.01316017117785406,-0.03778637450808509,-0.008081205556058792,-0.0033897687598527454,-0.004705499085515076,0.02897476783281634,0.017939746538866895,0.011677774984613504,-0.002864689057791662,-0.013836746733636704,-0.004516316345253786,0.02268304946227738,-0.0034238476192777895,-0.03897595829371017,-0.01778574896887829,0.022452764218022652,0.02201385364305188,-0.0464618111600961,0.005060944232212057,0.04269354098793012,-0.010092870982785407,0.006526553233024188,-0.03832922671940624,0.0006174130552688699,0.052175789996082265,-0.005712650524005905,0.020851295235480825,0.0018633200797574473,-0.00771399835282054,-0.00910760464595419,-0.005486234789081062,-0.009906186827706066,-0.005069024293320514,0.006904307885208958,0.0010567122405511673
capital-gain,0.27773412927560365,0.12443564850017709,-0.008754846561449132,0.11887147722293678,1.0,-0.06632843871568463,0.0919141290095747,-0.03679676265397084,-0.003343999764540333,-0.019764503212387995,0.006878576860243311,0.019613055026273807,0.07008767011319039,0.014516934548805715,-0.004289049327846462,0.0006340467607878043,-0.10563136477333208,0.12758300061020714,-0.025273215821635577,-0.01870347595845416,-0.0032925561381418663,-0.012511706758739492,-8.750193403176797e-05,0.003631531540120809,-0.013784084395369612,-0.058957693245925764,-0.019995008139085182,-0.030590487936463878,0.00434909644219362,-0.0073281661065290795,-0.029567390044696364,0.07273650508130065,0.07592653182112345,-0.020149070247517657,-0.004511295387312511,-0.00918348853574835,-0.011111013778957997,-0.000988767274444099,-0.08467853721535573,-0.0359744251001415,0.11459151596520456,0.03514300591031308,-0.03971612348466955,-0.029775598755735523,0.027588130584545838,0.0007920926977422521,-0.009563014631221488,-0.028706823224496487,-0.005410250024280844,-0.0650421661360263,0.0650421661360263,0.01592519035592739,-0.005245458562718633,0.002234227043856972,-0.022764510146428555,-0.0030434496929858954,-0.002258069571487752,-0.007842128152782048,0.0013730354860572347,-0.007554722142956646,-0.004708077590724756,0.0019490879216575415,-0.00023779742274457726,0.0008779885529101703,0.005373288065233478,-0.0034918302088732954,0.007030875756085527,-0.007376967180781621,0.0029327912421738193,-0.0015070118114766011,-0.006959618056938636,-0.005223208380398281,0.0021617026511750325,0.0058908274237146835,0.009121521671146757,-0.007577409132895108,-0.00426413184982,0.0012321736572534268,-0.005020400201159008,-0.004414458027343596,-0.007406309202372017,-0.00266852770686303,0.006265138810977803,-0.0032760034811817954,-0.0005036085398577059,-0.006505531370545567,-0.001955182142212017,-0.004036115274213414,-0.0043900691925011694,-0.002670128489671179,0.007015010407247524,0.004824702338157361,-0.0013561915163468493
capital-loss,0.1382483702271773,0.05758371789071024,-0.0009443424613124745,0.07701684481777188,-0.06632843871568463,1.0,0.060063253777625315,-0.023413157542847736,-0.002321641249779702,-0.012620688011486367,0.011091769534738161,0.013992605254746009,0.032718462240121,0.010312009678114898,-0.0031668990643199777,7.05871004842955e-05,-0.05565925204193615,0.07242796991254803,-0.015906100595170173,-0.015685850928442126,-0.005864206882197935,-0.006537357684695747,0.0007218129463258554,0.006823981952713774,-0.003288613364204841,-0.03825421163560363,-0.012794186408158305,-0.020255188956248147,0.0087749815506024,-0.0057783437821814125,-0.020588794314750594,0.0481029623717452,0.04341681888496702,-0.014629588165746698,-0.0006660501571672887,-0.013242952802022794,-0.008796532789534904,0.0016350514412027163,-0.0476414443284879,-0.015979271665053085,0.06796739183399375,0.0156897334328348,-0.030704408802408167,-0.017599917274967947,0.019217736426851446,0.0034934628810847153,-0.004426341548397696,-0.019703313827251316,-0.011964307339421191,-0.0425063848538049,0.0425063848538049,0.010175616940521402,-0.007345590826701805,0.0021108486443179105,-0.019247771627834764,0.0004752061466581013,-0.002274164029538764,-0.0014372191747471941,0.005711552854752085,0.000769585671108412,-0.0027407488667812708,0.006775738242809977,0.0008601568193619147,0.003429173362098809,0.002178643893298573,0.00536060894276874,0.0054451997825110615,-0.0022431232229046375,-0.0001187303947576416,0.010382956886789895,-0.0036722780754439954,-0.008202103401487502,-0.0039806753835221285,-0.0029158971963456934,-0.003918152238084059,-0.007186332221118846,0.010263071695200849,0.0026655047165858392,-0.0010296457593812957,-0.001728529991752525,-0.005899729196515178,-0.004589789727826878,0.003448245023275592,-0.000414399190334532,-0.00284469362592829,-0.0003988409168458239,-0.00672041624890131,0.003187294068124529,-0.008244688667209886,0.004929791215870436,-0.004803479660754914,0.00042359840705572687,0.021159956784475797
hours-per-week,0.2681657658301571,0.14660426245021493,-0.01633435191849228,0.1644369880034857,0.0919141290095747,0.060063253777625315,1.0,-0.012772102069781126,-0.030717429962862742,-0.16272279040591892,0.003518931626570735,0.08569203740878628,0.1283230260204301,0.015785646694320064,-0.014491561177941521,-0.007877981782842172,-0.2151885866954739,0.24368723881011578,0.008818468600984975,-0.02443496133721103,-0.10003521137589623,-0.01386453806684587,-0.0027991792795418503,-0.011975146089387826,0.07475850348859114,-0.18346739574526053,-0.16334107604460205,-0.04980922585190582,0.02353553711916328,0.06453283046871847,-0.09834528534740347,0.16757096489560594,0.06742855551350815,0.007545176935689103,0.022755333662359285,0.0711349713761881,-0.04538162998055249,0.004214307403952751,-0.26449971046280946,0.0004089690079390838,0.28279815121725344,-0.0739474328653487,-0.05693762011790557,-0.05748483253502931,0.07304496787421086,-0.012444316444817069,-0.016486203965378,-0.07284138513343555,-0.006232318447132742,-0.2641264682280524,0.2641264682280524,0.015612891721430832,-0.021387952681576828,0.007032867384592831,-0.013819276628810688,-0.011008568929323788,-0.007461444098453495,-0.015150129464054944,0.0017987322016143681,-0.013184867700823642,-0.0030121928754126685,0.002885388108552476,0.002532654460565497,0.0069469263201130315,0.009229648301921954,0.009224196104049799,0.013243125109283244,-0.004918163776256274,-0.011668274039102791,-0.007551073902556469,-0.01088651932776089,0.005107556539250385,0.001332314457330459,0.006726173737565456,0.0067431379951515096,-0.00705280996459319,-0.003948465126620316,-0.00293971343061675,-0.0118775134888143,0.0047915106042970565,-0.0019862157213655835,0.0014471173607192166,0.006275619304176873,-0.0023734667576689053,0.006973770407658343,0.0006976170492067596,-0.004063489520634745,-0.0021374770570169034,-0.011749089388234844,-0.010609140588262362,0.0020462114340387898,-0.0005731477501536643,-0.0004514869905528165
workclass_0,-0.07562525321522216,-0.18216358842298055,0.04647820223713802,-0.12257258269585455,-0.03679676265397084,-0.023413157542847736,-0.012772102069781126,1.0,-0.3097830048904349,-0.3714845610330094,-0.3946594858166705,-0.4414866092846177,-0.28567941371791605,-0.26185306258592694,-0.021560998551550397,-0.031248375039337042,0.09966687678954007,-0.09475584425367538,0.012632298857696636,0.01450935995718061,-0.0414303302781258,0.006722649923593458,-0.002721982035242293,0.03937537881693036,0.0508551073622377,0.09438733795109547,-0.37218799129381247,0.10684717773067261,0.08686575985925793,0.06783072289737282,0.04359797803778931,-0.03093052830951551,-0.11710174733297375,0.14462852764216905,-0.1213185771356419,-0.0941455478975656,0.04683477325530921,-0.026408074418819327,0.05157648461094378,0.03860293362684937,-0.08520902337717959,-0.027759432265846987,0.01772431010524185,0.03895403141239021,0.004155076688279873,-0.0029403471075840314,0.014759146489697188,-0.0005003527680115416,-0.021973299028778735,0.033845313832749975,-0.033845313832749975,-0.04145885024500792,0.021647423767019554,0.0013783868638088685,0.050111639010934864,0.013312291138874905,0.005906490228807859,0.004465898204292174,-0.00973197975520615,0.010349135347188553,-0.0006691296428926649,0.004757130103886741,0.010198983687750547,-0.006342411790159981,0.001602842828695191,-0.020017609552403212,-0.007040302295623158,0.009587920695782345,0.008796314975521613,0.000274094987851927,0.013134884789732383,0.004188639860994306,-0.0008546133610377384,0.005261352004291962,-0.004117346744321557,0.017719473438206228,0.0056928636785618,-0.009901066052602927,0.00839993222510985,-0.0014813460845342972,0.015980967008241385,0.005191253952317893,-0.0022602958842641747,0.006213226422073548,-0.0021985845750956763,0.006213226422073548,0.008438031638895881,0.00048522707203238556,0.012810099851795022,-0.0019415298628455665,0.0021167576733300783,-0.004934514706065942,0.003003216213708236
workclass_1,0.013618838149645316,0.019905124057803963,-0.022311435506909574,0.10481508872309722,-0.003343999764540333,-0.002321641249779702,-0.030717429962862742,-0.3097830048904349,1.0,-0.05069394676985094,-0.05385646959478691,-0.0602466455360649,-0.03898470760665447,-0.03573328910181517,-0.0029422813961305005,-0.004264251134646024,-0.0039058627778034514,-0.003682423309580713,0.014230056078491494,0.001754201601812139,-0.008713678897230268,-0.0004341633586782626,0.0018835508265053421,0.017360469585665957,-0.01720774300201125,-0.0029902591729971304,-0.050789939066538295,-0.033491963220326354,-0.0667080373037889,-0.048275020965265106,0.04798310649191105,0.01261911357502671,0.11828491572663252,-0.04461759734076609,0.09987093815511508,-0.021384368308396372,-0.01450861679239186,-0.0036037285510848783,-0.017048519738946118,0.017951731936297254,-0.005641438962563434,0.005090588808207511,0.009527832340957497,-0.01686052907971643,-0.024126956836699708,0.01817046189171353,-0.0028202309398519905,0.01761497737651941,0.004185778911092136,0.02342800831091419,-0.02342800831091419,0.02127834415391236,-0.011601010058159915,0.0001902206063977354,-0.02446650435260061,-0.003971726420912845,-0.0013012353025206834,-0.0027618451133216357,-0.005760655789796737,-0.005866809724007174,-0.010944443650527637,-0.0005882368179416301,-0.005661156555966789,-0.004162333590553146,-0.002345858911773275,-0.00784703784344656,-0.006515619901426094,-0.0036045378642187887,-0.006159575493268758,0.016741818264702082,-0.006312817964479333,-0.004816152772644853,-0.005061580288003255,-0.0017508750594053758,0.0026341399382231157,-0.00873519634592377,0.0032809900328269817,0.012423109471905844,-0.003237169446332776,-0.0009081173855694066,-0.009451848827373115,0.0007422283710961722,0.020332151305833705,-0.004462784747945613,-0.0020147827405413827,0.00032117005439750816,0.0005980757333730568,-0.00041993219847050574,-0.002897838516260199,0.006098684348531282,-0.004462784747945613,-0.004056028811839412,-0.0009303453430182118
workclass_2,-0.08356732944325809,-0.015960203223252315,-0.007370921211276335,-0.06862355665303216,-0.019764503212387995,-0.012620688011486367,-0.16272279040591892,-0.3714845610330094,-0.05069394676985094,1.0,-0.06458342339755896,-0.0722463734851822,-0.04674955295685242,-0.042850527649017894,-0.0035283152904521313,-0.005113590596904312,0.05833349115770157,-0.06284689105059743,-0.028571994757920383,0.0047129349441950436,0.06853175358596311,0.006263737523448301,0.009219644953459812,-0.0430658421084951,-0.05549442276297981,-0.08254833902027735,0.9981100135489116,-0.05189563535079128,-0.08786672160315431,-0.09324914728847813,-0.08882641537082975,-0.09302230197154732,-0.09377158999986655,-0.0633197702386221,-0.035335772624642055,-0.043736458474219045,-0.01739839518382907,-0.0043215073059136196,0.10546785291008366,-0.011097820470391533,-0.075203672521306,0.023724684671122622,-0.010261272192066977,0.009526523276997965,-0.020583385563039697,0.004541854311150618,0.007502841564641084,0.01720446890423339,0.007277812688001279,0.06400996694764667,-0.06400996694764667,0.005257704174470273,-0.0013823319191424784,-0.0020880870490496894,-0.004143349863806611,-0.005577160769612399,0.0021188234615683865,0.0038288222055293335,0.012390061772962098,-0.002220858412701491,-0.004826610333795692,0.0014550998064672474,-0.0035870526317537833,-0.0009665393208650484,0.0012488284601062487,0.013467133658507092,-0.007813379561591142,-0.003954419314944865,-0.00405180988468819,0.0035444772769391984,-0.004698483621034884,0.002761770320956244,-0.0019347194269787994,-0.00461623668012291,0.0016239025177933717,-0.006320783505801248,0.00099829055166447,0.015162183458413693,-0.005030891030357432,-0.0025570913299452747,0.00018694348994544849,-0.000864488163484206,-0.00738358119686587,0.00276881477469616,-0.0005613282280290412,-0.0012914263525656724,-0.0016805641566869092,-0.0020510366520306695,-0.005819909983934796,-0.0006363125763120155,-0.005351667479827505,-0.00039684175632901704,-0.0011156484568366205
workclass_3,0.03457640206623039,0.06731968403879772,0.008572347844686959,0.10089565640962349,0.006878576860243311,0.011091769534738161,0.003518931626570735,-0.3946594858166705,-0.05385646959478691,-0.06458342339755896,1.0,-0.07675343635410883,-0.049666006255563167,-0.04552374171865439,-0.0037484279143573922,-0.0054326000252588975,-0.04206917740550099,0.016614977512672623,0.025140969094241277,0.0008454696407394465,0.02047272127414282,-0.005428541838537263,-0.007212239213367227,-0.017170541704091512,0.0018685882577928804,-0.00446443996752881,-0.06470571632472065,-0.028195853737612575,-0.08912190711319158,-0.04580131198379917,0.01590872054464232,-0.015114509553103587,0.16710116134495204,-0.05894933825811691,0.23011320919211806,-0.02558039867199544,-0.018483787531280684,-0.004591102915723339,-0.03592721764918765,-0.0032310616023715154,0.003761363273058734,0.029907798449388158,0.029146243794532935,-0.015798011914026258,-0.0290431223300951,-0.018539937725514256,-0.009262266718496653,0.038628654283315494,0.02979443916611584,0.0387435519956621,-0.0387435519956621,0.03487409189869673,-0.0073541928353492375,-0.012103475654272215,-0.024217103014925533,-0.0031705363909946627,-0.005122478453049238,-0.0017396577932896542,-0.0023108528126604046,0.0016168989391467496,-0.001354202347192483,-0.006273475938470629,-0.007212239213367227,-0.004300097420789145,-0.0035333808332293753,-0.012725225956063495,-0.005662406013323662,-0.006928916828690832,-0.003031897763068717,-0.008087704059434268,-0.005319446448549787,-0.005194739931029834,-0.003141070993170755,-0.007526381709173942,0.0022856036760825833,-0.0032502288774253134,-0.0031225171541689636,-0.004979728783166794,-0.00038558941942630644,-0.0031225171541689636,-0.004758337487522776,-0.0054326000252588975,-0.010073341985687451,-0.0018355317491270467,0.004673699968967332,-0.0018355317491270467,-0.005201405592591202,0.0009466967605960557,0.0003483085988790079,-0.0011730849618825194,-0.0018355317491270467,-0.005167327516576651,-0.0011852477666983803
workclass_4,0.02718988421513286,0.14175972221897196,-0.04065233522050079,0.013811453250764534,0.019613055026273807,0.013992605254746009,0.08569203740878628,-0.4414866092846177,-0.0602466455360649,-0.0722463734851822,-0.07675343635410883,1.0,-0.0555589754877013,-0.05092522312425431,-0.004193186251770954,-0.006077188692900712,-0.10672215472834333,0.11945669254527082,-0.020481760222461433,-0.015670981877588922,0.0030473339277903625,-0.001115767250859736,0.0002050675576390986,-0.032380503875426424,-0.00113792147524504,-0.028545886964888148,-0.0723831767084479,-0.05376947946085195,0.03738074991804433,0.07216700026125199,-0.08890923846102283,0.02429876995951677,0.01986015861584603,-0.056671272415754446,-0.03821243679088153,0.23611208753094265,-0.020676925241100357,-0.005135846297841099,-0.07447492831090914,-0.03850708602309613,0.12124411496320937,0.0023791309680816167,-0.03843351707350124,-0.025492130017576633,0.05901236109847284,-0.008789401845596782,-0.013456611511630379,-0.060404790701865683,-0.0024586709092155492,-0.10497399290244451,0.10497399290244451,0.011039919984807921,-0.011137239095576687,-0.0010194284520255968,-0.01548317984458436,-0.015007732093142247,-0.0033812860566103786,-0.005678098908700812,0.005739378921024437,-0.011826460364234846,0.00584364465638083,-0.0006783164146126554,0.0002050675576390986,0.01820590122758333,0.004406914358916146,0.029597967373254843,0.01228393718610685,0.0023280906456781274,0.0003617093067286637,-0.007062987311351554,-0.004049760564470904,-0.0026603663480514604,0.00933338041127569,0.0012694002611239067,-0.0015087321442110444,-0.007081690268123653,-0.007264299396476649,-0.008615397003837849,-0.002095835763733306,0.0019227257491140422,-0.008508452440814543,0.0012425333888890484,-0.0012843518174176622,-0.006360128461645157,-1.2814228625698029e-05,-0.0028629385136156073,-0.001395953315558901,-0.0036634153359859267,-0.007143781408886662,-0.002180464967987965,0.00762863133047304,0.017305086180722445,-0.0013258797431386369
workclass_5,0.1395962164534328,0.10303703852345798,-0.01910896177662133,0.07599784721741322,0.07008767011319039,0.032718462240121,0.1283230260204301,-0.28567941371791605,-0.03898470760665447,-0.04674955295685242,-0.049666006255563167,-0.0555589754877013,1.0,-0.03295295390536304,-0.002713348411534006,-0.003932458349425898,-0.08286635389924873,0.10941983295469693,-0.02749058676527529,-0.018042877948719706,-0.007529359298233373,-0.013696314876243334,-0.005220673375693842,-0.02717877282413642,-0.02283352939598233,-0.047875471018039024,-0.04683807628642881,-0.03657875453854564,0.08100757086312727,-0.015250674286424503,-0.05182161589823525,0.13744269093564804,0.010372374501500064,-0.040800983271692924,-0.023191108576002324,0.0197033026155582,-0.013379730565188269,-0.0033233296966583563,-0.052544198155611954,-0.04698255831327764,0.11508926223699129,-0.006766034573035704,-0.03644907257307609,-0.0247606324854735,0.0431183400167649,0.007272251837643602,-0.009967076229330745,-0.0473259957341424,-0.01639827694088853,-0.08338759897081637,0.08338759897081637,-0.0018929786971230015,-0.008709476014523364,0.016408534118166184,-0.01943276018160482,-0.01189296665588891,-0.005356697470176811,-0.0017220550179316333,0.012271312775818478,-0.009833781904480301,0.01519666225652303,-0.0045411373411363195,-0.0011548497447341254,-0.00015303931014966718,-0.005288007379288827,0.018485444245285875,0.02932631968832307,-0.007916783974598135,-0.00529509929900214,0.0017169527552865754,-0.005821630323581604,0.00506199028901128,0.005690528498121015,0.0020826277036624513,0.0014689730059071632,-0.008055528326019658,-0.0001856213371347041,0.017625895729622604,-0.006008652650607902,0.013359374701211736,-0.0038393984460116768,-0.003932458349425898,0.009590727524317437,-0.004115544462464236,0.002733213906562995,-0.004115544462464236,-0.00575794503817545,0.005058897814634156,-0.0064388891106389335,0.0072206631799184035,0.0010405777033861733,0.0019322979906281081,-0.0008579570472003083
workclass_6,0.062112217358027216,0.06056025705467462,-0.017293515248325165,0.058190890125469304,0.014516934548805715,0.010312009678114898,0.015785646694320064,-0.26185306258592694,-0.03573328910181517,-0.042850527649017894,-0.04552374171865439,-0.05092522312425431,-0.03295295390536304,1.0,-0.002487048619206409,-0.0036044818521839207,-0.026981485402597434,0.015801100529147433,0.015420092769075975,-0.00408143981218405,0.0024434178778529264,-0.003675988314479502,0.008448257528210386,0.03838262782679293,-0.018155315547011622,-0.03601471555482575,-0.04293166791970877,-0.014902753909426697,-0.05541101196217329,-0.03161735505187649,0.12274015916201683,0.03291226893676865,0.026315049396004455,-0.035061827840200656,0.015711143836722195,-0.024477709192189227,-0.01226382881242018,0.10085073727237209,-0.04131451104014328,0.008069773768304011,0.019775798477762695,-0.004180143147286902,0.013757653896769454,-0.009235313059730679,-0.053578450750739255,0.01360858122051694,-0.0012077590175142276,0.04848291067804772,0.023894374258001595,-0.0058609157863263334,0.0058609157863263334,0.01395573374019337,-0.005490456097411125,0.0008075187948455864,-0.020977205950004442,0.016213332667557055,0.0012930059321677571,-0.0006165770674473435,-0.0026612900875661854,0.009123442087625073,-0.002391704702676712,0.0009079287579988617,-0.0047852566427348045,0.0009440077552364386,0.000658904887087887,-0.003434856754570276,-0.005507516548358326,-0.001432939181482778,-0.0015094721156132015,-0.003834100323522832,-0.0013795490108863915,-0.0031622545132774316,-0.005446437453834297,0.000847121077317932,0.003671068986264522,-0.00452186988462441,-0.004308576986266449,-0.006344328569202653,-0.0016738869272359146,-0.004308576986266449,-0.007989449141737836,-0.0036044818521839207,-0.0009338524590947453,0.0018217808554116543,-0.0004967535394333848,-0.003772298142451795,-0.00527771855460486,0.0010759632324717603,-0.005497205734284351,-0.0035175780774161086,-0.003772298142451795,-0.0034284758994204663,-0.0007864013631672133
workclass_7,-0.008025842507212123,-0.02148800944357427,0.003752526316986111,-0.014367936905272915,-0.004289049327846462,-0.0031668990643199777,-0.014491561177941521,-0.021560998551550397,-0.0029422813961305005,-0.0035283152904521313,-0.0037484279143573922,-0.004193186251770954,-0.002713348411534006,-0.002487048619206409,1.0,-0.00029679327492503424,0.011261121488626865,-0.01028766584645009,-0.0014956513193764096,-0.0025734030174045064,-0.0025629663661412877,0.011068872062692808,-0.00039401834954267626,-0.0024995454905057347,-0.0032209014702643674,-0.004791113291760567,0.057930398228592285,-0.0030120275133877585,-0.005099792712641834,-0.005412189201159112,-0.0051554934283788295,-0.005399023077818293,-0.005442511824829368,-0.0036750853672169776,-0.0020508915370782334,-0.0025384681268861334,-0.0010098044783199132,-0.00025082068687920137,0.021529472127580294,-0.00515787451655814,-0.01177380195053349,0.0035090019090729357,-0.004899700150325116,0.005725650537820631,-0.006302102867791687,-0.0025638375072519863,-0.0013101669070000837,0.009917078885066951,-0.001410586265427942,-0.0009580923794818191,0.0009580923794818191,0.004838056805224699,-0.0008074340977774881,-0.0019124293730837492,-0.002016559541965966,-0.0011155204936131678,-0.0006045020666542699,-0.0005611970194105769,-0.0008751800026446425,-0.0008799936301302413,-0.000761736860871406,-0.00034273192583386767,-0.00039401834954267626,-0.000497667749079952,-0.0007306649101746153,-0.0006952033037773931,-0.0004534892781054518,-0.000597501113530684,-0.0006010117123077155,-0.0007161005702314285,-0.00043937419690431466,-0.0005303792274060922,-0.0006642216042378632,-0.000621662037779357,-0.0009313275052324813,-0.0006079725252474172,-0.00035476851499359534,-0.0005223924354379113,-0.0004534892781054518,-0.00035476851499359534,-0.0006578517725610631,-0.00029679327492503424,-0.0007969147600084829,-0.00031061127940304126,-0.00039931151401569797,-0.00031061127940304126,-0.0004345676960489434,-0.0003365526226954984,-0.0006673839158742022,-0.0002896376123431685,-0.00031061127940304126,-0.00028230093309362334,-6.475234043375595e-05
workclass_8,-0.007002188143272357,0.00921912432056611,-0.0033851898106879207,-0.011154964698778377,0.0006340467607878043,7.05871004842955e-05,-0.007877981782842172,-0.031248375039337042,-0.004264251134646024,-0.005113590596904312,-0.0054326000252588975,-0.006077188692900712,-0.003932458349425898,-0.0036044818521839207,-0.00029679327492503424,1.0,-0.0019525796856686521,0.006695713559546074,-0.008221646106791184,-0.003729635360948308,0.0019766904878890574,0.00639924700309583,-0.0005710511565339717,-0.0036225935792565784,-5.786104538890153e-05,-0.00038277585461027656,-0.005123273514431808,0.005434796994041208,-0.004267883820452739,-0.004859041983288148,0.0018195980853482306,-0.004834500938213805,-0.007887837395456131,0.002872219535550353,-0.00297235899174135,0.04226281050779762,-0.0014635105595642143,-0.0003635146522776337,0.012929166989360643,-0.012217729315342788,-0.0009602694466264598,0.009255003810130023,-0.0006559110997003728,-0.003699329534257193,0.0029289762914552772,0.0019736144074575124,-0.0018988261038180396,-0.003401846714922011,-0.0020443639723847842,7.997879443473211e-05,-7.997879443473211e-05,0.0037566880763334662,-0.0011702149808402724,-0.002771685650063179,-0.0029226015996357936,0.011129695861745849,-0.000876105401412804,-0.0008133433565969426,-0.0012683991830981895,-0.0012753755778421535,-0.0011039859333456233,-0.0004967216954634427,-0.0005710511565339717,-0.0007212703266526013,-0.0010589533266110297,-0.0010075587878308177,-0.0006572424280200319,-0.0008659589136091163,-0.000871046827646819,-0.0010378452153305172,-0.000636785427847741,-0.0007686791022889633,-0.0009626569821814837,-0.0009009753633535211,-0.0013497738102608435,-0.0008811351402450696,-0.0005141663352076693,-0.0007571038373407202,-0.0006572424280200319,-0.0005141663352076693,-0.0009534251792713267,-0.0004301427664324778,-0.0011549692949326636,-0.0004501692130365918,-0.0005787225446750365,-0.0004501692130365918,-0.000629819361735523,-0.00048776602573934115,-0.0009672401233457168,-0.000419772058068555,-0.0004501692130365918,-0.0004091390020816084,-9.384562657017273e-05
marital-status_0,-0.31878175012120885,-0.5816545466538166,0.04223848417511076,-0.024544205042691523,-0.10563136477333208,-0.05565925204193615,-0.2151885866954739,0.09966687678954007,-0.0039058627778034514,0.05833349115770157,-0.04206917740550099,-0.10672215472834333,-0.08286635389924873,-0.026981485402597434,0.011261121488626865,-0.0019525796856686521,1.0,-0.6453615322928877,-0.2781984733578085,-0.1262008666050543,-0.12568904843084489,-0.08009317600028493,-0.019322840936407723,0.0074102694347454885,-0.05917049868776009,0.11823780767892451,0.058927917362640116,0.07459332185388985,0.02420469961673328,-0.09420563111995713,0.06943173867634474,-0.0986522470541815,-0.02459171761159975,-0.022628961058730662,-0.02709122569092617,-0.014602509918245379,0.011872011253132088,0.007580071535683171,0.5108626385545809,0.2948980192624164,-0.5773926584154798,-0.15710701368826596,-0.050888094428443234,0.10655930242678834,-0.06959854896597635,0.010725094705615975,0.012482194658747678,0.07186579513356493,0.0035273402743113027,0.17342176130694303,-0.17342176130694303,0.002470147647552873,0.019240362049880538,0.006037556051003352,0.0051009823747313835,-0.000755751196089319,-0.007959950788060142,0.0013915103662300878,-0.009330960706252554,-0.0012202114553608516,-0.01602729386580616,-0.0004356908831313206,0.007581812953093613,-0.006855767613646219,-0.0007761598250074707,0.0009451565956591123,-0.009860560475814158,-0.0010953511665028073,0.013108702628098634,-0.016799091474039657,0.0025846699973002553,-0.0107161208236433,-0.01753166825972409,-0.004376786742320701,-0.006703037406438011,0.016388533562117058,0.00017667521679247264,0.004241462512590846,0.005269037680307749,0.00017667521679247264,0.0019095996638277433,-0.0019525796856686521,-0.009276535578706842,0.0008236937533418017,-0.002403942024129598,0.006844773868191432,-0.005524335304603594,0.002020081339149437,0.012184476409732659,-0.0012905802189612885,-0.005197386361507829,-0.002803572425130659,0.006447709333211824
marital-status_1,0.44585251886569016,0.3487919204241135,-0.027051548789872065,0.07858746373348487,0.12758300061020714,0.07242796991254803,0.24368723881011578,-0.09475584425367538,-0.003682423309580713,-0.06284689105059743,0.016614977512672623,0.11945669254527082,0.10941983295469693,0.015801100529147433,-0.01028766584645009,0.006695713559546074,-0.6453615322928877,1.0,-0.3645467802622825,-0.16537157458808552,-0.16470089633009313,-0.10495280250632856,-0.02532033826018818,-0.012981334435910099,0.0786379604384805,-0.15938060138373525,-0.06337394402362524,-0.045949136978653576,-0.0040138288881811325,0.1263698900164537,-0.13864788283683693,0.10095974502699508,0.04378571809786616,0.014385871729269716,0.03879988671300347,0.04451341541849684,-0.049090626396978906,0.00029813031095059873,-0.37795194470345783,-0.5395714872680089,0.8936758901178368,0.2390069592868224,-0.3148636740489915,-0.11624834485439266,0.1072656236921223,0.00970720446905478,-0.013136848273583702,-0.12330155598654817,-0.019930977106413807,-0.43112607984065565,0.43112607984065565,-0.010897234235871469,-0.013895854195055282,0.004797819859426942,0.007512147275227844,0.005745500142461468,0.004031841996403376,-0.00458017814699607,0.006480594413172448,-0.010938278073826543,0.007563206103566129,0.005443123200381511,-0.00441060089992457,0.007058731629940926,-0.003381197111898558,0.0011089492439850985,0.016288167831731717,-0.005862355515887082,-0.004317036575574824,0.020663519089670252,-0.005461399923420255,0.011436771218310975,0.022082698055219327,0.005540615625183631,-0.00024570071717019634,-0.017752242670398915,0.008714455050611058,0.007008221227007328,-0.00577793732594759,-0.0012368693625148355,-0.010027025910716404,0.000749207925610988,0.01466533820550536,0.004662415788573577,-0.0020799308399367293,-0.010490115593739219,0.001870947402481361,0.002847535024840784,-0.014630333454668012,-0.010488251394353483,0.008450548634151775,0.0006133937758374505,-0.004161103575060736
marital-status_2,-0.1283350137845163,0.1591898035814915,-0.01864018607584103,-0.009575917149114037,-0.025273215821635577,-0.015906100595170173,0.008818468600984975,0.012632298857696636,0.014230056078491494,-0.028571994757920383,0.025140969094241277,-0.020481760222461433,-0.02749058676527529,0.015420092769075975,-0.0014956513193764096,-0.008221646106791184,-0.2781984733578085,-0.3645467802622825,1.0,-0.07128735954206698,-0.07099824769056746,-0.04524240750474919,-0.010914935422105096,0.015029741640130108,-0.018362912418655206,0.018547468156232025,-0.028616101171023586,-0.025023064668151195,-0.015776242405095113,-0.02728190002031755,0.08059039819252732,0.01148871893622857,-0.007768637146340082,0.005853415928874793,-0.0053182387569067745,-0.039043253413409994,0.011180068222356124,-0.006948132245597373,-0.09482497820956902,0.262269421732663,-0.3261530538156042,-0.08874538244198797,0.32625655423809347,-0.008132328682774135,0.002122165224402619,-0.03383936112906551,-0.008647343019790697,0.014764838135761167,0.01602208809111235,0.2287751414847049,-0.2287751414847049,0.05030551485438792,-0.015991701546701292,-0.02020365483845368,-0.03769554596228501,-0.014703633426115489,-0.01107640523963154,-0.004861892776344183,0.0022397762628708633,-0.004866209045097482,0.0036692882272935465,-0.006997414454941847,-0.004398289219622948,-0.0017421071143908426,0.005577584261450274,-0.005694017657335449,-0.006898934026449748,-0.003646955939629949,-0.006670356324369889,-0.012653335975314825,-0.002429661554302133,-0.00338923995954503,-0.011948181216722125,0.0006973230025672958,0.006477616149770955,-0.01120478841894263,-0.009827652533049883,-0.01283175191744033,-0.005011120435177031,-0.0025910747399061716,-0.0012870928266872255,0.0004269214267078793,-0.01776971748939675,-0.008604426824275181,0.006086155698335705,0.005169176009751275,-0.002188968357260454,-0.004237851080172697,-0.006929121524420204,0.006746666821002141,-0.003094985690664599,-0.0017587303380258525,-0.001793742893154423
